{
 "cells": [
  {
   "cell_type": "code",
   "execution_count": 1,
   "metadata": {},
   "outputs": [],
   "source": [
    "%load_ext autoreload\n",
    "%autoreload 2"
   ]
  },
  {
   "cell_type": "code",
   "execution_count": 2,
   "metadata": {
    "pycharm": {
     "name": "#%%\n"
    }
   },
   "outputs": [],
   "source": [
    "from IPython.display import Image\n",
    "import numpy as np\n",
    "import pandas as pd\n",
    "from pyntcloud import PyntCloud\n",
    "import cv2 as cv\n",
    "\n",
    "import src.models.Pix2Vox.utils.binvox_rw as br\n",
    "from settings import *\n"
   ]
  },
  {
   "cell_type": "code",
   "execution_count": 13,
   "metadata": {},
   "outputs": [
    {
     "data": {
      "text/plain": "[0.0, 0.0, 0.0]"
     },
     "execution_count": 13,
     "metadata": {},
     "output_type": "execute_result"
    }
   ],
   "source": [
    "taxonomy_id = \"02691156\"\n",
    "test_id = \"1a04e3eab45ca15dd86060f189eb133\"\n",
    "\n",
    "result_dir = os.path.join(SHAPENET_DATASET_DIR, \"results\", \"sfm\", taxonomy_id, test_id)\n",
    "binvox_result_path = os.path.join(result_dir, \"omvs\", \"scene_dense.binvox\")\n",
    "\n",
    "binvox_truth_path = os.path.join(SHAPENET_DATASET_DIR, \"ShapeNetVox32\", taxonomy_id, test_id, \"model.binvox\") \n",
    "truth_vox = br.read_as_3d_array(open(binvox_result_path, \"rb\"))\n",
    "truth_vox.translate\n"
   ]
  },
  {
   "cell_type": "code",
   "execution_count": 11,
   "metadata": {},
   "outputs": [],
   "source": [
    "file_name = \"scene_dense\"\n",
    "cloud = PyntCloud.from_file(os.path.join(SHAPENET_DATASET_DIR, f\"results/sfm/02691156/1a04e3eab45ca15dd86060f189eb133/omvs/{file_name}.ply\"))\n",
    "\n",
    "# cloud.plot(mesh=True, backend=\"threejs\")\n",
    "\n",
    "voxelgrid_id = cloud.add_structure(\"voxelgrid\", n_x=32, n_y=32, n_z=32)\n",
    "voxelgrid = cloud.structures[voxelgrid_id]\n",
    "# voxelgrid.plot(d=3, mode=\"density\", cmap=\"hsv\")\n",
    "\n",
    "x_cords = voxelgrid.voxel_x\n",
    "y_cords = voxelgrid.voxel_y\n",
    "z_cords = voxelgrid.voxel_z\n",
    "\n",
    "voxel = np.zeros((32, 32, 32)).astype(np.bool)\n",
    "\n",
    "for x, y, z in zip(x_cords, y_cords, z_cords):\n",
    "    voxel[x][y][z] = True\n",
    "\n",
    "with open(os.path.join(SHAPENET_DATASET_DIR, f\"results/sfm/02691156/1a04e3eab45ca15dd86060f189eb133/{file_name}.binvox\"), 'wb') as f:\n",
    "    v = br.Voxels(voxel, (32, 32, 32), (0, 0, 0), 1, 'xyz')\n",
    "    v.write(f)"
   ]
  },
  {
   "cell_type": "code",
   "execution_count": 12,
   "metadata": {},
   "outputs": [],
   "source": [
    "# rendering_metadata header: azimuth, elevation, in-plane rotation, distance, the field of view."
   ]
  },
  {
   "cell_type": "code",
   "execution_count": 43,
   "metadata": {},
   "outputs": [
    {
     "name": "stdout",
     "output_type": "stream",
     "text": [
      "[{'key': 0, 'value': {'rotation': [[-0.05582505924310505, 0.030393084914404463, 0.9979778670641397], [0.47816148932428215, 0.8782719340427453, 0.0], [-0.8764959514382757, 0.4771945832280595, -0.06356238549732372]], 'center': [0.4643607940384801, -0.36179640719196016, 0.28243698395727806]}}, {'key': 1, 'value': {'rotation': [[-0.6571981040348028, 0.5598681172374114, 0.5046170264211233], [0.648488400980331, 0.7612245357277795, 0.0], [-0.38412686165775217, 0.3272382885712837, -0.8633433017322271]], 'center': [0.6467582574558325, 0.5487192703171204, 0.4107208561410236]}}, {'key': 2, 'value': {'rotation': [[-0.6939715311309603, -0.0007152914976831503, 0.7200020849538034], [0.0010307211256339209, -0.9999994688068395, 0.0], [0.7200017024936203, 0.0007421213594623541, 0.693971899764087]], 'center': [-0.06440810567679436, 0.728631833802544, 0.39341810052709214]}}, {'key': 3, 'value': {'rotation': [[-0.6317794438729624, -0.5108096287056872, -0.5830336675708603], [0.6287290173182118, -0.7776244741403627, 0.0], [-0.45338124915091726, -0.36657018487526, 0.8124479937072105]], 'center': [-0.8026384454134275, -0.20244730289238774, 0.43264820834305273]}}, {'key': 4, 'value': {'rotation': [[0.7016336813205646, -0.6889765744905468, -0.18171807020718753], [0.7006417898748868, 0.7135131969914186, 0.0], [0.12965824122464142, -0.1273192739625742, 0.9833506714088193]], 'center': [-0.34815768964077287, 0.6230113259082826, 0.3466895574583105]}}, {'key': 5, 'value': {'rotation': [[-0.2514132145108023, 0.03851415497862986, 0.9671132588459468], [0.15142419403636054, 0.9884688732886021, 0.0], [-0.9559613533139212, 0.14644434576262563, -0.2543461117539889]], 'center': [-0.6937619167679336, -0.38730281790722176, 0.37532317816183486]}}, {'key': 6, 'value': {'rotation': [[-0.16661895600635382, -0.7648433575746333, -0.6222963617709123], [0.9770838120611689, -0.21285493700643707, 0.0], [-0.13245885288408252, -0.6080357013909192, 0.7827817308334972]], 'center': [0.5153540936435911, -0.5433054838728067, 0.3802077863695108]}}, {'key': 7, 'value': {'rotation': [[0.5027838724786671, -0.7855793548618945, -0.3606569766275502], [0.8422650307601096, 0.5390636492647891, 0.0], [0.19441706595365296, -0.3037687595130517, 0.9326985285770932]], 'center': [-0.6399239133334048, -0.020595653849509298, 0.31413201693107035]}}, {'key': 8, 'value': {'rotation': [[-0.18642370325984475, 0.17200586295875078, -0.9672952940910551], [0.6781149979193851, 0.7349558147241181, 0.0], [0.7109193009474968, -0.6559374463399869, -0.2536529401156218]], 'center': [-0.10704435080985338, 0.699234843896139, 0.34314918205125944]}}, {'key': 9, 'value': {'rotation': [[0.11763123743778671, -0.9782129560219341, 0.17106228295473105], [-0.9928473098469298, -0.11939103538253816, 0.0], [0.02042330307686605, -0.16983872744787903, -0.985260217074817]], 'center': [-0.14291146858065606, 0.5952393666143209, 0.3495274956259297]}}, {'key': 10, 'value': {'rotation': [[-0.0058681232331388115, -0.28850069320298577, 0.957461704273919], [-0.9997932050149875, 0.020335860096373747, 0.0], [-0.019470807265749988, -0.9572637059951336, -0.28856036603955615]], 'center': [0.5616966089366191, 0.57853017966782, 0.46302532515363276]}}, {'key': 11, 'value': {'rotation': [[-0.3049661264520384, 0.4667114934081711, 0.8301662746929401], [-0.8371268159671722, -0.5470088609781969, 0.0], [0.4541083083422981, -0.6949544502570298, 0.5575158799195283]], 'center': [-0.6819951619218577, -0.27611643569079924, 0.41232681291242834]}}, {'key': 12, 'value': {'rotation': [[0.7644874360511299, -0.6445150913890879, -0.012619710443798374], [-0.6445664193194229, -0.764548318346027, 0.0], [-0.00964837839781984, 0.008134241573607044, -0.9999203682835522]], 'center': [0.6103529196319409, -0.5629516867268477, 0.4597810778502583]}}, {'key': 13, 'value': {'rotation': [[0.38194531469023535, 0.3925275989410624, 0.8366838474930309], [0.7167016831913395, -0.6973798802021038, 0.0], [0.5834864813317252, 0.5996527217972613, -0.5476861686625457]], 'center': [-0.6647519651893019, -0.05071535271163169, 0.34668798309799714]}}, {'key': 14, 'value': {'rotation': [[0.2820593538941204, -0.24597392483337926, -0.927329148243974], [0.6572506146103733, 0.7536720968659292, 0.0], [0.6989021036419321, -0.6094876526294659, 0.3742467779648952]], 'center': [-0.3940687377800818, 0.7351412216188475, 0.40411637306297077]}}, {'key': 15, 'value': {'rotation': [[-0.09874220228273295, 0.2089115941219531, -0.9729367519678657], [-0.9040990286135951, -0.42732300015322566, 0.0], [-0.4157582518102431, 0.8796311723566137, 0.23107158343296957]], 'center': [0.12415360618606255, -0.615416098421235, 0.35380729047092946]}}, {'key': 16, 'value': {'rotation': [[0.8970280538952932, -0.40052100327607126, -0.1868785607274209], [-0.4077035066456398, -0.9131143688875172, 0.0], [-0.1706414990372265, 0.07619104452545965, -0.9823830228278824]], 'center': [-0.35304525356063965, -0.6665225138971034, 0.4128418589060373]}}, {'key': 17, 'value': {'rotation': [[-0.7905008889593336, 0.346965012990607, 0.5047015200243917], [0.40190832904308255, 0.9156799086175241, 0.0], [-0.46214504173506055, 0.20284374457850715, -0.8632939103718203]], 'center': [-0.5462506695972003, -0.5009683587753901, 0.3542645064043214]}}, {'key': 18, 'value': {'rotation': [[0.26870908684051464, -0.6400638691715509, 0.7198011322792431], [0.922042647856326, 0.3870883045689901, 0.0], [-0.2786265999208116, 0.6636873419367348, 0.6941803295754781]], 'center': [-0.48312260553814346, -0.33119515636291186, 0.2895705769984881]}}, {'key': 19, 'value': {'rotation': [[-0.28142108965093166, -0.004775530814614366, -0.9595724905420752], [0.016966899643026844, -0.9998560517977093, 0.0], [-0.9594343618070941, -0.016280970147236715, 0.28146160554306343]], 'center': [-0.725224787152208, 0.06799577060628727, 0.3915070276654543]}}, {'key': 20, 'value': {'rotation': [[0.15045978638363544, -0.355136137355963, -0.9226267807869427], [0.9207718632562775, 0.39010149427496815, 0.0], [0.3599180858430898, -0.8495287800353343, 0.38569395039943605]], 'center': [-0.03999752680955759, 0.7450485128727056, 0.36880144673909143]}}, {'key': 21, 'value': {'rotation': [[0.5974300574537849, 0.011343186939104664, 0.8018407937744448], [-0.01898321449385734, 0.9998198025481793, 0.0], [-0.8016963041066407, -0.015221515778145114, 0.5975377322304996]], 'center': [0.214880054574507, 0.5918370740523297, 0.2951285674330035]}}, {'key': 22, 'value': {'rotation': [[0.17101188569927217, -0.7808324781200945, -0.6008790028470051], [0.9768465049243308, 0.21394136069755026, 0.0], [0.12855287148367545, -0.5869665538135139, 0.7993399927049746]], 'center': [-0.7753538688993706, 0.24122541823839963, 0.4046406315508148]}}, {'key': 23, 'value': {'rotation': [[0.48024266937982324, -0.4319666736170052, 0.763394898719661], [0.6687493919048538, 0.7434878955483325, 0.0], [-0.5675748667214132, 0.5105198743020408, 0.6459320619142531]], 'center': [0.7978766608384222, -0.10182921155202031, 0.3899682033952589]}}]\n"
     ]
    }
   ],
   "source": [
    "import math\n",
    "import scipy as sp\n",
    "metadata = np.array([\n",
    "    [322.076852257, 25.631301418, 0.652915183775],\n",
    "    [40.3117661825, 25.8383382351, 0.942380338756],\n",
    "    [95.051584931, 28.273303161, 0.830560386203],\n",
    "    [194.156286829, 27.5944161956, 0.934022406951],\n",
    "    [119.197787507, 25.9090378072, 0.793442208555],\n",
    "    [209.173082983, 25.2847501512, 0.878735772563],\n",
    "    [313.487592473, 26.9180334858, 0.839838467479],\n",
    "    [181.843401728, 26.1342125477, 0.713165983397],\n",
    "    [98.7037137443, 25.8779360358, 0.786218303718],\n",
    "    [103.500649825, 29.7254537011, 0.704913513573],\n",
    "    [45.8458163791, 29.8654674711, 0.929834770812],\n",
    "    [202.04133569, 29.2663432613, 0.843428175715],\n",
    "    [317.313478058, 28.9747899229, 0.949127982751],\n",
    "    [184.362766483, 27.4752727159, 0.751438473761],\n",
    "    [118.193308902, 25.8499061741, 0.92684023909],\n",
    "    [281.405721426, 29.40360047, 0.720646023312],\n",
    "    [242.090618091, 28.6942715164, 0.859843946922],\n",
    "    [222.52404222, 25.5463411809, 0.821500110181],\n",
    "    [214.431816242, 26.3060659391, 0.653413194421],\n",
    "    [174.643709228, 28.2573661685, 0.826953547324],\n",
    "    [93.0729431317, 26.302795738, 0.83229297474],\n",
    "    [70.0454078923, 25.1137568739, 0.695374310276],\n",
    "    [162.718217671, 26.487929586, 0.907247135638],\n",
    "    [352.726929932, 25.8652666583, 0.893896836271]])\n",
    "\n",
    "\n",
    "def angles_to_matrix(azi, ele, rol):\n",
    "    # element1 = (np.cos(rol) * np.cos(azi) - np.sin(rol) * np.cos(ele) * np.sin(azi))\n",
    "    # element2 = (np.sin(rol) * np.cos(azi) + np.cos(rol) * np.cos(ele) * np.sin(azi))\n",
    "    # element3 = (np.sin(ele) * np.sin(azi))\n",
    "    # element4 = (-np.cos(rol) * np.sin(azi) - np.sin(rol) * np.cos(ele) * np.cos(azi))\n",
    "    # element5 = (-np.sin(rol) * np.sin(azi) + np.cos(rol) * np.cos(ele) * np.cos(azi))\n",
    "    # element6 = (np.sin(ele) * np.cos(azi))\n",
    "    # element7 = (np.sin(rol) * np.sin(ele))\n",
    "    # element8 = (-np.cos(rol) * np.sin(ele))\n",
    "    # element9 = (np.cos(ele))\n",
    "    \n",
    "    # r_azi = np.array([\n",
    "    #     [np.cos(azi), 0, np.sin(azi)],\n",
    "    #     [0, 1, 0],\n",
    "    #     [-np.sin(azi), 0, np.cos(azi)]\n",
    "    # ]) \n",
    "    # r_ele = np.array([\n",
    "    #     [np.cos(ele), -np.sin(ele), 0],\n",
    "    #     [np.sin(ele), np.cos(ele), 0],\n",
    "    #     [0, 0, 1]\n",
    "    # ])  \n",
    "    # r_rol = np.array([\n",
    "    #     [1, 0, 0],\n",
    "    #     [0, np.cos(rol), -np.sin(rol)],\n",
    "    #     [0, np.sin(rol), np.cos(rol)]\n",
    "    # ]) \n",
    "\n",
    "    r_azi = np.array([\n",
    "        [np.cos(azi), 0, np.sin(azi)],\n",
    "        [0, 1, 0],\n",
    "        [-np.sin(azi), 0, np.cos(azi)]\n",
    "    ]) # pitch\n",
    "    r_ele = np.array([\n",
    "        [np.cos(ele), -np.sin(ele), 0],\n",
    "        [np.sin(ele), np.cos(ele), 0],\n",
    "        [0, 0, 1]\n",
    "    ])  # yaw\n",
    "    r_rol = np.array([\n",
    "        [1, 0, 0],\n",
    "        [0, np.cos(rol), -np.sin(rol)],\n",
    "        [0, np.sin(rol), np.cos(rol)]\n",
    "    ]) # roll\n",
    "        \n",
    "        \n",
    "    R = ((r_azi @ r_ele) @ r_rol)\n",
    "\n",
    "    return R.tolist()\n",
    "    # return [\n",
    "    #     [element1, element2, element3],\n",
    "    #     [element4, element5, element6],\n",
    "    #     [element7, element8, element9]]\n",
    "\n",
    "def obj_centened_camera_pos(azimuth_deg, elevation_deg, dist):\n",
    "    phi = float(elevation_deg) / 180 * math.pi\n",
    "    theta = float(azimuth_deg) / 180 * math.pi\n",
    "    x = (dist * math.cos(theta) * math.cos(phi))\n",
    "    y = (dist * math.sin(theta) * math.cos(phi))\n",
    "    z = (dist * math.sin(phi))\n",
    "    return [x, y, z]\n",
    "\n",
    "extrinsics = []\n",
    "for idx, m in enumerate(metadata):\n",
    "    center = obj_centened_camera_pos(m[0], m[1], m[2])\n",
    "    rotation = angles_to_matrix(m[0], m[1], 0)\n",
    "    extrinsic = {\n",
    "        \"key\": idx,\n",
    "        \"value\": {\n",
    "            \"rotation\": rotation,\n",
    "            \"center\": center\n",
    "        }\n",
    "    }\n",
    "\n",
    "    extrinsics.append(extrinsic)\n",
    "print(extrinsics)\n",
    "# r = sp.spatial.transform.Rotation.from_euler('xyz', [\n",
    "    # []\n",
    "# ])\n",
    "# \"key\": 19,\n",
    "# \"value\": {\n",
    "#     \"rotation\": [\n",
    "#         [\n",
    "#             0.955816082322138,\n",
    "#             -0.11956428567202157,\n",
    "#             0.26855166796372539\n",
    "#         ],\n",
    "#         [\n",
    "#             0.10015865761269897,\n",
    "#             0.9913439064754334,\n",
    "#             0.08488523074863716\n",
    "#         ],\n",
    "#         [\n",
    "#             -0.2763763015882185,\n",
    "#             -0.054236894138275048,\n",
    "#             0.9595178472726037\n",
    "#         ]\n",
    "#     ],\n",
    "#     \"center\": [\n",
    "#         0.7479031729311192,\n",
    "#         -0.16503236187189367,\n",
    "#         -0.6542228640308786\n",
    "#     ]\n",
    "# }"
   ]
  },
  {
   "cell_type": "code",
   "execution_count": null,
   "metadata": {},
   "outputs": [],
   "source": [
    "# ./openMVG_main_ConvertSfM_DataFormat -i /mnt/d/Projekty/Programowanie/Studia/Semestr9/cv/AOiW_project_3d_modelling/data/ShapeNet/results/sfm/02691156/1a04e3eab45ca15dd86060f189eb133/reconstruction_global/sfm_data.bin -I -V -E -o ./camera_poses.json\n",
    "# /opt/openmvg/bin/openMVG_main_ComputeStructureFromKnownPoses -i ./camera_poses.json -d -m ./matches/ -f ./matches/matches.e.bin -o ./reconstruction_global/sfm_data_structure.bin\n",
    "# /opt/openmvg/bin/openMVG_main_openMVG2openMVS -i ./reconstruction_global/sfm_data_structure.bin -o ./omvs_structure/scene.mvs -d ./omvs_structure\n",
    "# /opt/openmvs/bin/OpenMVS/DensifyPointCloud ./omvs_structure/scene.mvs -v 0"
   ]
  }
 ],
 "metadata": {
  "kernelspec": {
   "display_name": "Python 3.8.2 64-bit ('venv')",
   "metadata": {
    "interpreter": {
     "hash": "27c9fe7b7156c8cc0bbc4e6f721d00e811b9fbc3ad6b5b2be4d3eca5885df09b"
    }
   },
   "name": "python3"
  },
  "language_info": {
   "codemirror_mode": {
    "name": "ipython",
    "version": 3
   },
   "file_extension": ".py",
   "mimetype": "text/x-python",
   "name": "python",
   "nbconvert_exporter": "python",
   "pygments_lexer": "ipython3",
   "version": "3.8.2-final"
  },
  "pycharm": {
   "stem_cell": {
    "cell_type": "raw",
    "metadata": {
     "collapsed": false
    },
    "source": [
     "\n"
    ]
   }
  }
 },
 "nbformat": 4,
 "nbformat_minor": 1
}